60
  6  22  27   7  31  19   9  30  22  16  39  12  38   8   8  13   2  37   7  38  25  38  39  14  26  30   9  38  34  20  39  29  27  36   1  27  33  27   3  23  32  17   4  23  25  29   0   7  18  20  34   6  33   0   3  21  19  11  15  18 
 36  21  39  20  30  29  14   3  27  39   8  12   7   0   7  24  32  16  34  14  33  32   3   5  31  27  26  12   8  33  10   7  39  38   0  38  25  28   8  24  39  17   3  35  12  18  27   1   0   3   5   4  12  25  24   3   5  27  15  10 
  2  18  32  20   8  38  21  25  12   8  38   0  34   6  12  12  37   0  20  27  13  33  34  20  22   3  37  19   6  26  38   0   1  27  24  17   6  18   4  15  28  21  33  19  17  29  28  27  30  10  30   1  34   2  22  33  15  31  14  17 
  0  36  23  33   3  18  14  19   9   8  26  15  31  36  13  25   0  11  24   7  37  14  11  16  28  36  14   5   7  25   4   6   5  19  11   1  11  16  35   8  25  27   1  14  16  17  12  19   6  11  29   1  10  26  26  21   0  17  10  32 
 34   2   8  23  23   8  16  35   5  27  29   6  29  18  14   3  39  39  11   8   8  28  12  28  17   3  36  27   2  25  12  22  26  13  16  23  25  38  29  23  26  20  24  29  22  32  18   8   9   9  13  20  20  38   3  25  36  36  23  34 
 24  15  26  38  20  12   2   1  10  26  18   5  16  15   6   0  27  23  15  15  27  23  33  28  31  39  24  12  14   7  34   0  15  21  18  30   1  27   7  15   8  11  21  34  28   3  29   2  21  26  18   5  22  28  31  33   4  14  17  16 
  8  32   3   8   5   5  38  11  23  30  15  14   5  21  10   6  18   1   8  20   4  19  32  13  30  38  24  12   4   7  30  10  27   9  34   3   5   7  10  12   2  35  34   9  25  22  17  33  16  25  21  27  15  30  36   6  23   3  31  30 
 19  23  26  11   9  25  16  26  22  13  33  23  27  20  22  31  14  18  29  17   6   9   5  27  30  16  16   1  24  34  28   6  17  19  13  18  22  26  13  28  21  21  14  32  17   0  18  12  19  34   9  20   0  39  34  33  23  13  33   8 
  1   7  33  30   0   2  19   7  38  30  39  32  11   2  26  16  26  39  33  30  33  39  31  16  27   1  20   9  25  33  27   9  36  30  13  29   2  33  23   0   0  20  13  35  10  39  24  22  17   6  17  13  26  19  34  21   1  25  24   3 
 39  23  27  26  36  30  11  25   4  37  35  10  36  25   7   7  15   5   0  19   2  10   1  18  18  17   7  18  34  11  27  38  36  28   3  21  12   5  13  19   1  35  30   5  11  15  17  29  22  22  13  30  26  10   9  21  24   7  23   9 
  5   8  22   6  16  29   1  21   2   2  31  14   3  16  14   6   7   8  16  29  36  34  11   7  39  20  39  28  22  32  13  25   7  34  12  25  13  20   5   0   0  25  38   1   7  14   9  14  27  22  37  36   2  22  39  38  30   1   5  26 
 29  13  14  12  17  38  15   7   0  20  17   7  26  12   3  21   5  12  10   4  38  38   5   6  33   8  37  10  25   1  23  13   2  35  13  10  15  24  26  23  11  22   0  20   0  15  37  38   1  32  20  10  12  10  14  28  29  18  30  33 
 31   5   6  29   4  23  14  34   6  13   6  12  38  13  24  28  29   6  21  16  33   0  27  16  16  37  16   1  16   9  20  24  21   8   0  15  28   5  10  25  19   8  29   9  26   0  18   9  20  19  17   7   8  26   9  28  19  14  34  34 
  4   8  37  24  18   7   1  16  28  24  31  26   3  26  24  33  35  33  15   9   3  12  33  21   1  11   8   6   3  25   0  38   3  36  20  36  35  14  30  36  20   7  23  16  17  38  31  32   7  17  14  22  25  33   9   5  28  39  22  25 
 13  38  10   4   7  34   5  18   0  20   1  20  33  22  17   3   3  38  13  37  36   9  21  35  30  16  31  16  30  14  32  34  35  32  35  14  24   1  24  15  27  15  17   3  33  18  23  24  20  10   5  24  29   2  29  33   3  30  32  21 
  4  21  13  26  14  22  12  37  33  35  25  32   1  27  12  12  17  16  34   5  31  11  38  14  15  38   3  11  36  18  16  37   1  37   6  38  25  16  34  27  25  26  18  38  28  36  14  27  21   1  21  35  27   0   4  11   4  27  29   6 
 14   5  26  31  38   1  20  27  16  39  38  25  16  17  15  37  25  18  20  31  16  33   2  24  25  19  37  17  38   9  24  14  23  20   8  32   2  27  31  32  23  25  31  39  20  13   1  38  22   8  16  14   1  12  32   2   3  24  12  14 
 22  25  36  15  20   8  37  19  20  31  34  11  38   8  10   1  26   4  37   1  11  11   0   0  19  32  33   9  12  38  26  16  29  28  16  36  22  29   7  37  22   9  11  18  11   5   5  10  37  16   5  30   6  13  11  37  21  18   4  26 
  1  37   6  38  10  12  33  13   3  28  11   9  11  27   2  36  18   4   8  18   0  24  25  38  19   3  24  22  19  29  28  35   4  10  11  10  27  20   4  25  35   5  18  27  27  11  37  13   1  28  27  38   3  10  26  17   4  28   8   2 
 36  26   9  21  17   4  39  29  33   0  22  24   3  18  19  35  29   6   4  23  19  21   0  16  10  22  33  13  13  20  33  24   7  20   3  22  38  15   1   1   6  14  20  38   6   9  34  25  28  14  20  15  16   1   2  38  22   0  20  36 
 17   7  10   8  32   1  10  27  21  26  21   0  22  38  13   5  23   2  36  23  25  38   2  26  38  26  30  36  34  11  11   4  24  12  37  14  37  34  35  39  18  37  33  39  12  26  39  31  23  34  31  24  39  12  11   7  11  19  18  18 
 31   6  25  35  14  17  25  36  10  21  10   7  20  11  31  10  15  23  33  37  22   7   8  15  26  19  29  14  19   4  11  37   3  30  14   9  19   3   3  30   7  32   0  24  38  10  29  33   6  34  36  30  18  32  14  28  26   6  26   6 
 13   3   1  15  11  16  33  13  28   3  18  17  17   4  38  33  31  35  30  31  25   8  20  35  36  35  24   6  16  31  22   4  18   8  31  13  12   9   0  36  19  17  33   2   8   4   6  34  23  12  29  29  28  12   1   1   9   4   5  22 
 21  16  36   2  20  10  32   8  31  29  34  38  27  22  37  23  12  32  12  32  12  29  18  19  30  17  28   6  12  15  31  14  30  19  23  35  24  34  20  18  29  37  14  37   9  27   9  33   4  35   0  19  38  16   9   4   7  27  23  17 
 27   1  20  36  13  26  17   4   5  36  17  22  23  21  15  18   8   6  26  37  13   0  16  19  22  36  23   8   2   2   4   0   5  31  17  31  32  23   4  22   9   3  20  15  22  12  18  10  13  13   2   6  12   9  10  38  25  27   7  37 
 17  27  38  34  26   2  35  37  35  22  14  27  37  14  39  21   5  22  31  32  17  30  20  20  17  19  28  25   4  34   4   8  17   1  38  17  29   8  30  12   6  19   5   5   9  22   0   3  17   4  35  21   0  39   4  23  10  17  24  20 
  0   7   1  34  20  21   2   6   9   2  12  31  11   4   2  26   7  34   2   8   7  30   5  12  33  37  17  39  18  14   9  19  29   7  13  33  11   1  35  30   1  27   5  23  23  22  10  17  33  25  21  26  31  38  13  38   8   9  36  11 
 25  25  11  21  29  17   7  35  25   9  26   9   0   7  27  19  17  14  18  24   8  14   3  38   9  11  16  26   6  29  34  11   9   3   8   7  10  15  34  11  31  20   7  32  24  22   6  12  14  26  29  14  11  31  22  24  20  38  30  39 
 25  39   5  25  29  23  32  36   8  17  20  27   2  21  26  13   3  14  22  38  26  28   3  19  36  38  10  18  26   0  39  32  38  36  20  27  26   0  23   5  35  20  28  16   7  23  22  24  24  28   7  17  24  32   3   3  30  23   8  25 
 29   9  28  33  37  25  26  14  38  16  24   8   7  32  25  37  25  35  19  10  30  25   7   6   7  38  18  33  19  17  16  33  27  33  22  18   7   8  25   6  28  38   9  39   6  14  28   1  38   3  33  11   7  33  39  21  21  22   7   4 
  2  16  38  19  10  17   8   5  14  31  28  10  12  12  27  15  38  32  20  29  30  33  27   0   8  35  37   7   5   6  33   3  14   8  27  18   7  28  24   6  29  20  33  37  38  15  16  18   0  18  28  22  29  32  37  29  20  15  16  23 
 39   1   3   5   5  29   8  38  34   1  18   5  38   7  11  30  10  26  20  12  13  29  24  34  25   4   8  30  15  30  17  19  21  22  22  24  34   8  31   3  28  27  26  15  13  38  39  33  21  19  17  18   6  16  26  20   1  16  10  30 
 32   6  31  23  36   9  14  26  10  24  25  29  19  16  13   2  17  32  24  32  30  24  18  11   2  10  31   7  11  11  21  24  13  25  35  28   9  19  32  35  23  23  24  20   3  26   4  27  15  39  15  32  25  21  10   0   5  34  23  11 
  3  38  10  29   0  27   2  11  36   6  28   2  37  27  11  27  23  32  11   4  31   8  21   2  37   3  34   2  11   0  37  25  14  30  22  16  37  11  15  28  33  21  38  15  33  16  30  13  17  34  35  27  27   6   2  30  35   9  22   6 
 39  33  29  38  28  24  17  13  24  15   5   1  26   5   2  19  26  25   8   0  37  19  36   5  23   2  10  28  13  34  20  33  34   3  34  24  24   9  30   9   2  29  15   7   5  20   5   3  22  32   4  12   9   8  24  18  31  29   8  31 
 29   0   2  21   4   0   0   7  13  19  11  28   0   6  39  12  14   4  11   7  21  12  11  25   7  17   6   3  33  29   6  35  32  15   7   7  34  35  32  31  12  20  12  24  13  33  36  17  21  27   4  32  31  36  36  38  37   2  20   2 
 19  23  25  12   2  38   4   8   6  39  25  37   0   3  19  19  22  10  23  19  11  24  19   7   8  27  28   4  13   9  14  24  14  24  37  21  35  17   6  36  25  16   5   8  25   5  39  34  34  29   7   0   9  18  11  20   1  32  27  39 
  1   5  37  38  21  20  29   7   0  25  34  10  19  18  32   7  34  24  36   7  27  27  29  30  14   2  16  25  13  27  19  10  24  29  39  25  22  14  10   0  25  24  17  19  11  18   0   4  29  29  20  18   0  14  39  25  25  13  25   6 
 17  16  37  14   1  26  32  22   5  29  28   0   7  37  18  39  24  10  32  20  10  27  13  36  37  23  26  15  37  29  38  30   5  19  16  23  10   2   9  23  26  30  17  24   4  14  19   1  19  14  35  15  37  29  27  19  18  34   3  16 
 20  17   4  20  13   0   5  19   5  11  24  28  31  17  19  15  28  28  10  25  36  22  33  20  14   4   8  28  19  18   2  18  19  10  34  13  16   1  33  10  14  31  29  16  16   2  38  25   1   2  17  34  15  39  11  10  22  37  25  13 
  6  22  13   2  18  15  28  18   5  27  28  35   8  25   5  12  21  18   5  10  35  34  34  11  38  36  23  23  16  11  16  18  37  14  32   3  21   3  29  28   6  20   3  11  25  37  23  19  37  18  22   7   1  28   5  24  28   7  38   5 
  0  34  24  19   8  21  28   3   7   7  18  18  20  17  28   7  31   2   6   2  17  30  15   8  17  19  31  34   8  38   3  21   0   1  20  24  14  33  23   2  32   0  34  39   1   2  15   6  29  13  33  10   1  35  28  35   9  12  39  13 
  8  33  26  15  34   4  39  38   2  13   7  38   4  30  14  17   4  34  25  32  31  14  25  21  30  38   3  14  32  28  17   5   5  19  26  35  38  17  39   9  19   7  33  14  18  13   8  36  24   3  35  39  30  25   5   7  37  16   0   6 
 19  19  29   2  17   9  11  16  22  24  31  11  25  38  27  27  39  20   9  25  26  17  11   7  21  37  22  31  16  13  19   2   2  35   4  33  32   8  30  29  26  36  26  32  30  28  34  15  38  24   8   2  23  19  26   0   6  24  12  35 
 32  24  39  10  11   5  38   1  21  35  29  19  12  21   7  13  29  25  24  14   8  38  37  32  18  23   4  33  11  38  13  31  25  19  12  19  37  36  25   4   7  27   3  21  15  31  22  18  17   6  17  20   7  31   1   4  31  38  20  31 
 20  36   6  34  31  22   6  12  10  39  12   9  25  31  39  11  21  34  17  37  10  31  31  12  29   7  16  17   2   9  35  28  35  35   7  23   6  14  38  26  13  37  24  36  16  20  22  18  37  34   5  17  22  37  26  35  19   8  18  29 
 33  34  32  39   4  24   9  21  31   7  15  16  13  10  13   7  20  33  22   6  15   5  16  23  23  23   4   0   1   2  32  20  30  28  13   6   7  39   2  24  18  25   3   6  35  35  30  20  25  28   3   4  31   0  30  28  34  36   2   1 
 37  30   9  38  18   5  36   5  37  31  32  28   3  10  11  19  23  12  16  12   9  28  30   3  35  24  38  21  17  13  35   8  18  24  17  34  27   0  10  10  37   1  37  27   9  25  23  38  37  37  32  25  35  13  15  33   9   5  22  25 
  3  14  13  13   0  30   5  34   3  26   4  31  16   2  25  21  24   8  16  14   8  26  19  36  16  16   7  19  36   0   3  37  13  22  27  27  34  20  29   2  35  35  33   5  37   4   9   9  37  12  32  37   8  35   8  27  35  27  13   9 
 19  14  18  10  30  37   8  32  22   9  33   8  16  33  21  12  32   6   6  12   7  35  38  15  25  22   0   6  16  34  34   5  14  20  36  24  24  36  36  35  35  17   0   6  33  36  20  22   9   7  20  38  30   5  21  28   7  22  27   8 
 15  25  36   1   7  31  14  28  34   6  25  14  37   9  11   5  24  34  18  37   4  27  11  23   3  36  13  27  35  29  29  25  30  26   8  38  10  31  26   9  37  33  33  13  25  21   3  27   4   0   4  31  31   6  27  20  25  29   9  12 
  0   4  14  17  32  26  23  12  27  28  38  17  27  26  17  38  33  23  17  25   2  30   5  36  10  26  26  21  32  17  23  11  16   6  11  31  15  19  34  31   4   2  24  11   3  19  14  33  25  11  31  12  10  39  10  11  38  35   5  37 
 21  36  12  37  28  21   3   7  11   3  29  38  37   7   3   3  16  16  16  14   2  36   6   1  35  21   0   7   6  25  31  11  22  13  33  38  34  10  20   0  12   4  38  19  37   7  14  35   8  23  19   4   3  20  12   9  16  21  22  37 
 21  30  28  36   0  36  17  21   7  15  14  25  20   2  27  38  25  16   3   8  27  32  14  11  28   6  14  28  19   2  26   8   5   5   0  31   0  34   2  31  24  37  32  29  11  12   2  37  30  23  12  32  13  29  13  21   4  25   2  25 
 22  32  19  16  21  13  25   9  20  10  23  37  38  15  31   5   1  30  17  17  27  26  35  33  31  25   6   8  20   9  22   5  29  16  19  17   4  24  14  23  34  10  26   6  17  20  30  27  27   6  27   2  21  15  23  17  16  28  13   3 
  1  22  15   6  24   9  27   9  31  25  29  23  16   6  31  10   4  30  24  35  23   2  30   1   2  33   8  35  29  17  33  28  12  15  39   7  37  34  16  21   5  20   3  17  11   4   8  13   0   1  18  11  35  16  22  22  20  27   9  29 
  9  37  24   8   0  32   9  14  14  36  34   9  11  15  17   8  39   1  25  22   5  20   8   6  29   6  20  16  31  17  35   2   4   1  28  11   7  14   5  28  25  11  20   0  17  21  28  32  33  20  18  27  16  33  36   6   5  36   7  22 
 37  20  20  38  15  14  18   9  29  39   7  12   2  13   0  13  39  22  23  31  14  22  13  31   4  17  19  18  35   5  21  30  29  39  14   0  24  31  28  36  15  35   7  22   8  39   8  21  30  15  22   9  18  32  39  12  19  39  10   0 
 31  35   1   9  16  32   3  17  22  10  28   1  37  24  36  19  13   7  20  20  10   1  27  21   1  33   7  33  31  32  28   3  11   4  22  24  33  16  23  39  37  13   7  19  21   2   2  30  28   9   9   3  22   4   6  16   7  13  26  20 
  2  13   1  22  36  37   5  28  12   2  24   7   6  25  19  30   2  36  12  10   2  27   7  29  10   4  30  14   1  31  22   0  31   0   2  23  35   7  24   6  34  21   2   5  26  13  26  13  33  36   4  30  29  30  26  30  14   2  38  21 
