30
 14  15  16   8  16  34   9   4  31   5  22  34  16  26  21  28  35   1  16  14  20   7   9   7  10   0   2  28  23  21 
 24  29  33  15  30  28  30   5  29  17  24  39  29  30  23   5  14  13  30  35   7  34   7  15   0  25  16  36  12  16 
  4   0  37  19  17   5  32  24  27  25  29  30  27  31  33  12  22  25  19  32   8   3  36  29  25  26   2  11  31  19 
 37  16  15   3   9  20  39  27  20  19  14  20   1  34  36   7  12  39  25  19  25  18   0  27   6  20  14  21   0  39 
  4  13  14  14  30  38   7   2  30  28  21   9  36   0  30  24  31   1  28  39  28  36  22   2  32  34  39  23  24  36 
 36   0  36   7  20   8  17  29   6  16   7  13   9  31  10  13  28  14  29  22  24  29   6  16  38  27  34  20  31  32 
  3  16  22  21  23  19   2  10  10   0  29   3  13  30  22   0  39  24  38  29  18  22  28  15   6  25   4  31   1  11 
 28  20  28   5   8  10  19   8  34  38  15  34  13  35   6  13  11  19  30  34  12  10  17   4  20  22  39  16  37   2 
 24  16  18  10  30  27  25  18  18  13  25  34  13  15  20  39  26  24  29   1  18  37  34  37  36  16  21  18   9  34 
 11  26  15  38   6  18  15  26  15  17   4  36  12  35  22  33   1  18  13  22  17  11  39  19  38  23  17   4  24  38 
 39  29  20   7   0  11  26  19  11   5  39  35  29  31  34  13  31   5  24  37  23  13  28  24  29  18  20  25  39  26 
 22  18   8  24  32  23  20   3  31  27  35  17   8  30  28  14  13  14  25  38   9   2  38  33   9  38  32  14   9  22 
 25  33   7  11  12  34  34  19   7  25  13  34  11  33  32  13  13  21  36  34  24  22  11   3   6   9  17  10  39  10 
  3  10  18   0   4  26  25  25   1  25   2  14   6   5  19  27  10  23  31  39  39   9  30  38  17  33  14  17  29  33 
 11  23  27   7  31  39  35   9  16  17  24  27   9  15  39  20  39  19  37   7  23   1  23   9  29  39  17  21  37  37 
 38  26  11   6  28  39  18   0  32  12   1  10  15  18  37  20  16  31   1   3   3  22  35   5   0  11  34  14  32  28 
 21  21  35  25  19   2  11  21  26  37   0  21   7  23  37   6  33  15  12  35  24  29  11  29  27  18  31  33  24  23 
  4  11  15  24  22  14  14  29  23  11  17  35   2  25  30  36   8  25  20  32  27  10   1  25  32  14  35  10   2  17 
 27  24  34  27  34  12  29  20  22   0  20  24   5   9  15  21  32  10   4   4   3  26  15  17  21   6   8  31  15  30 
  1   7   8  20  12  12  18  35   0  33  35  15  14  30  38   7  14   6   4  15   4  28   0  19  13  27  15  32  27  33 
 20  21  33  19  12  23  12   3  10  18   8  33  37   8  29  24   2  29   0  13  24  32  34   1  31  17  31   8  15  17 
 23  27  23  20   0  27  36   1   1  10  13  17  35  17  30  19  19   2  25   1  14  19   3  35  19  17  32  29  26  11 
 33  33  24   9  21   1  21  28  13  29   0   1  30  17  19  27  13  17  38  16  19  35   9   7  20  36   6  36  28   4 
 11  34   6  11  30  14  13  34  24  13   8   3   6   8  39  24   6  15  18  37  19  27   7   5  35  38   9  26  28   4 
 37  29   1   7  32  30  35  20   2  18  13  22  31  17   7   9  22   1   6  21  22   7  36  19  11   9   1   3   5  37 
 15  24  14  21  13   1  20   5  11  35  28  20   6   0  14   7  28  35   4  12  22  21  39   1  14  32  39   4  10  22 
 29  29  26  39  29  16   8  32  33   9   5  10  18  17  37  12  22  13   2  30  16  17   1  22  38   2  28  10  33  20 
 27  26   8   0   1  15  25   1   7   6  18  18  10  37  28  25  33  11  11  36   3  18  22  25   7   9  16  13  26  14 
  5  39  36  28  14   3  20  19  24  32  31  18  12  24   4  25   2  29  26  26  20  14  29  18  20  19  17  35  10  10 
  0  35  26  39  34  14   7  21  31  23  26  20   9  28   8  25   7  18  29  11  39  25  24  17  26  34  31   2  38   1 
