40
 15  25  33   7  39  27  15   5   6  29   8   3   6  14  16  33  20  33   1   4  25   8  22  36  30  19  36   8  21  26  27  26  28  15   3  18  19  15  19  34 
  0  23   2  34   9  34  10  29  14   8  12  34  30  23  28  32   9  35   8  17  30  38  28   3  26  16  38  39  38  35  22  24   0  28  22  26  11   9  23  22 
  5   2  39   4   1  17  16  30  17  31  12  15  23  17  38  19  17  31   5   3  18   7  32  10  22  37  26   9   0  17   4  36   2  33  25  26   9  10  35  17 
  8  31  25   0  20   1  39  32   9  16   2  19  29  29  22  19   4  16  11   0  24  31   6  23   0   4  23   3  32  23  35   1  32   1  27  21  17   3   5  19 
 28  30   9   1  25   5  27  16  36  16  10  18  19   1  36  31   8   2   8  33  10   1  26  21  21  25   0  28  27  34   4  33  38  11   8  20  25  11   9  32 
  0   8  22  37  35  23  25  18  14   4  19  12   5  22  21  29   7   9  25   5   8  32   9  39  22  37  23  28  36  11   5  27  33  19  37  37   3  17  14  34 
 35  26  12   9  28  36   9   1  24   2  16   0   3  16  20   9  21  34   6  19  14  32  18  17  27  17  10  21  13  18  19   3  12  10  23  25  23  10  15  35 
 31  23  26  19   1  33   4  34   8  14  28   1  17   5   2  37  39  16   8  36  22  21  39   5   4  38  35  32  36  37  35  36  24   5  14  35  15  20  21  35 
 13  18  27   8   1  11  21  18  19   4   3  25  38  10  26  26  29  38  10  23  13  39  17   8   3  34   8   1  10  30  15  23  32  29  28  38   8  16  11   1 
 13  29  36  33  28  31  35  11  17   7   1  29  38  37  26   5   1   6  22  29  36   9   7  20  15  22  35   1   6   1   2   5   7  10  32  25   3   8  18  11 
  9  21  17  11   7  35  20  20  18  27  13   4  16   1   5  13  27   8  12  24  29   5  30  29  31   7   5  37  29  13  26  21  14  13  27  19   3  28  10  10 
 19  29  27  19  12   9   7   4  22  38  28  38  29  18  18  31  38  29  39  39  39   0  38   2  26  26  31  33  12  15  33  27  25   4  37  13   7  10  20  13 
  2  17  22  20   0   2  15  20  21  14  15  18   9  14  10  17   6  30  37  12  27  22  24  28  11   0   8  30  39  27  28  28  20  18  30   8   1   2   3  19 
 14   8   7  36  23  25  37   2   0   8   1  13  29  12  11   8  21  25  13  38  13  26  26  10   6  35  19  37  22  15  15  35  29  20  23  16   3   7   6  38 
 37   7   8  38  15   3  16  39  39  28  28  20  35   0  24  39  30   0   2   3  34  10  38  38  38  27  13  37  19   6  13   3  31   6  29  33  31  10  17  37 
 19   9   0   8  17  39   4  22  16  23  23  22  31  18  12  23  29  32  38   2   1  28  38  13   3   3   3  23  13   6  11  16  30   3  24  25  18  19   7   6 
  4  14  38  20   1  24  37  17  12  24  28  22  22  18  31  38  35  36  35   8  34  21  22  24  38  23  34  23  33  18   4   9  32   6  32  18  20  31   0  35 
  0   1   4   1   2  36   2   8  25   4  16  32  35  35  28   8  28  13  10  38  27  39  16  13  16   7  22   2   6  32   0   8  18   0  17  27   7  13   0  11 
 18  31  13   2   9   9   6  38  25  33   4  34  39  31   8  29   4   4  26  28  28  17  26  13  24  33  19  11  25  11  28  14  31  19   2  19  17   8  20  14 
  8   4  36  18  36   4  37  20  16   8  22   3   7  23   0  23  18  12  28   9  16  18  27  17  25  35  31  20  13  10  28  26  13  18  20  35   0  25  39  16 
 17  33  17  11   2   1  11   5  16  33  18  36  21   9   8  22  10  29  13   5  15  31   3   2   1  25   9  33  22   9  25  36  11  37  11  25  13  39   9  26 
  6  17  32  36  34   4  11   0  10  29   3   2  22  15   5  10  14  15   6  26   2  30  36  11  19   3  31  22  18  33   4  22  35   3   6   5   0  31  35   5 
 18   7  17  10  29  35  39  33  39   3  34  32  28  20   9  38   7  26  10  36  34  12   5  16  23  13  20  12  32  24  22   6  10  36   9  37  17  31  13   6 
 18   0  20   3  25   7   2   1  18  37   1  17   6   1  29  32  19  38  22   0  29  13  16   8  10  27   2   2  28  22   6   9  19   1  23  37  33  13   6  28 
 19  38   6   8  16  34   9   5  24  24  32  39   8   8  19  11  17  12  16  11  31  16   7  23  17  29  15  32  39  14  36  25   2  27  36   5  39  31   5  38 
 20  26  16   5  24   5  16  27  34  30  14  26   3  28   6  27   5   3  21  38  38  11  18  28  23  35  24   4  20   3  24  32  30  19  35  24   5  34   3   1 
 18  18  13  14  31  28  39  12  19  13  16  36  39   1  26  33  27   6  36  10  22   3  13  23  17  28  13   1   4  11  25  17  16  35  26   9  39  33  30  13 
 35  34  37  23  12  13  10  32  13  14  30  20  18  26  12  31  38   3   4  30  33  39  28  12  14   8  12  13  39  17  18  28  10   2  20   1  36   6  38   9 
 28  33  13   6   6  21   3  32   8   7  23  12  15  34   4   1   1   4  38  24  24  16  25  16   8   6  13   5  11   8  17  37  37  34  15  25  25  36  32  23 
 39  13   7  14  31  27  33  31  21  26  34  37  25   9  19  11  16  10   8  12  14  26  35  35   0  35  34  21   1  20  23  27  21   6  34  28  21  18   5  15 
 28  14  25  28  20   1  22  33  12   1  39  17   5  24  26  37  26   3  21   8  30  31   8  34  15  36  31  14  12  37  14  24  34  33  18  26  16  27   7  38 
  4   3  14  14  36  14  30  25  27  11  14  31  25  38  16   1   0  31  31  23  33  16  27  14  35  21   9  24  31   0  18  18  18  30  31   9  24  13  17  27 
  8  22  25  34  23  28  31   5  22  20   5  28   5  39   9  34  10  36  10  23   2  30  20   4  31  32  20  26  37   0   0  25  21  15   5  10  30  19  28   3 
 12  17  16   9  13   6  13   6   2  16  24  24  10  33   9  22  30  18  39   3   4  20  37  38  12  36  18  26  17  31  17  29  32   8  12  11  15  14  33  15 
 14   4  33  18  21  17  38  24   4  27  31  39  26  39  37  22  32   2  18   9  25   6  19   6   9  11  32  39  24   4  12   6  31  18  26  13  27  34  31  29 
 30   6  13  36  28  28  34   7   2   0  27  18  25  25  19  13   7  22  17   3   8   4  34  27  27   7  28   9   3  20  37  22  33  30   4   4  32   9  15  21 
  3  31  15  35   0   0  18  39   3  16   9  26  26  18  23   3  14  39  14  37   5  35   5  18  38  28  30  25  27  33  26   2  28  12   5  23  38  35  32  14 
 34  37   0   3  20  34  22  12  11   5  12  35  15  14  22  23  14   5  10  31  30  16  34  18  15  33  30   3   2  11   0  23  19   4   5  14  39   9   6  14 
 23  10   5   9  19  24  28   4  14  20   8  39   5  36   4  29  10  26   3   2  24   9  16  19   3  29  12  10  14  23   4   7  20   8  21  27  14  19  21  28 
 39   2  23  24  33  17  25   6  24  16  13  28  29  36  22  35  39  31  14  20  33  33  31  38   9  18  34  27   9  23  29  22  13  15  26  21   4  23   6  25 
