50
 24  14  26  12  24  13  32  15  26  17  22  15   4  34  31   3  29  22  33  11  17  38   2  19   2  37  23  16  39  25  29  12  18  39  28  10  31  37  38  26  24   5  15  12  39  35   5  28  37  25 
 13   4  22  30  24   3  27   1  15   2  21  21   8  13  19   1  23  36  32   6  25  36  35  12  17  14  24  36  23   0   9  25  26  11  20   9   1   7   2  36  27   2  26  38   9  18  18  12  38  36 
  7  10  23  35   2  11  36   5   9  22  34  36  39  10  31   4  23  16  19   7  19  26  28  12  20  36  27  28  23   4  29  28  24  14  20  23  37   5  27   0  14  17  10  35   7   8  34  26  27  10 
 26  33   8  18  31   0  32  28  21  31  11  27  17   8   1   8  13  27  36  33  27  27  12  39  16   0   3  36   0  17   9  29  18   1  30   1  38   1  34  39  27  39  29  21  26  39  22  37  18  11 
 33  18  16   3  19  39  25  19  26  21   8   4  14  27  38  10  17  10   7  26  18  28  15  32   3   1  32  19  36  21  18  16  10   6  24  30  39  39  21  35  15   8  12  17  14  24  24   6  24  11 
  6  31  30  28  33  11  24  34   6  33  38  34  18  25  21  14   0  16   1  10  37   9  15   5  35  12   5  37  36   3  23  22  36  28   0  13  39  16   0   1  32   0  27  25  31  30  26  39  24   8 
  5  33  35  16  33  36  26  30   9   8   5  27  28  34  23  19   1  37  38   9  21   0   9  16  32   7  36  13  38  39   1   6  33  15  10  10  30  22   2  20  18  32  28  26  23  31  36  14   6  20 
 36   8  25  18  37   1  16  37  12   0   2  14  36  23  11  26  38  11  21  21  28  12  15  36   7  29  32  38  20   8  12  11   9   7  15  35  28  32  26  16  10  18   1  12   7  19   2   5  36  16 
 29   1  37   8  10   0  28   6  32  13  11   9  10  32  38   5  10  25  21  36  23  24  11   2  25   5  21  28  11  25  20   3  21   7  11  34   5  22  19  15   7  33  32  34  28  14   3  38  13  27 
 11  24  36  27  30  15  31   0  29   4  24  12  28   5  38  25  17  32  10   7  23   7  10  22   4  11  21  30  38  31  10  38  39   7   3  10   2  39  31  28  34  14  19  13   9   7  13   4   4  34 
 25  11  30  24  36  25  29   5  24  20  13  21   5  34  26  18  23   4   7  25  12  36  16  14  22  14  32  39  29  13  13  36  27  27  33  22  15  13  38  23  11  28  23  12  37  23  19  23  27   3 
 30   4  18   9  25  25  23   3  13  33   9   9  17  28  10  34  21   3  10   1  35  39  26  27  31  36  34  15  25  35  20   9  18  24   1  25  25  20   2   8  20  25  21   9   0  17  38  30  31  37 
 33  36  35  35   4   0  21   2  11  28  22   2  37   1   5   3  22  26   3  22  29  26  14  22  28  37  35  24  26  34  20  10  31  36   0  10  12  13   8  30  10  27  20  39  29   9   0   4  10  25 
 33  36  36   2  10  14  12  16   4  37  11  21  20  15  11  12  26   9  35   7  25  20  14   5   6   2  33  37  39  24  10  31  30  12  10  21   8   6  20  33   9   0  31  32  21  39   4  26  15  38 
 14  12  33  29  30  39  10  20  21  27  36  14  23  16  31   1  18  35  38   2  37   4  10  30   1  18  11  17  33  19  38  22   8  28  24  17  21  38   5  20  18  17   6   8  20  34  34  37  23  35 
 20   1   0  18  25  29  20  31  39  37  30   8   2  11  38  26  35  15  12  18  29  18  34  26  10  33  12   2  32   1  10   5  24  37  38  18  34  21   4   1  13  26  14  14   0   8  36   6   4  23 
  3  30   4  38  30  15  33  36  16  24  38  28   6  15  22  23   2  20   3  16  34  25  21   2  30  16  17  20  26   9   5   5  26   6   6  35  12   1   5  39   1  30  17  16  38  17   4   5   2  20 
 24   8  25   8   7  33  16  26  24  19   6  25  28  32   1   7   2   3  27  22  10  19  11   9  18  30  23  26  32   8  34  15  31  21   0  13  17  24  13  14   2   2  19   7  35  32   4  29  20  37 
 11   9  32  23  28  14  20  35   6  11  20  35  19  31   1  19  11   3   9   5   5  18  24  15  14  17  34  35   7  18   0  25  17  12   9  25  12  29   2  16  31  13  36  24   5  31  31  33  22  24 
 27   3   0  30  12  32  15  14  10  11  28  18  20  13  25  27  37  22  35  37   5   1   5  36  23  30  22  19  28   4  30   5  37   1  38  18  33   9  12  14  14  13  33  12  15  11  23  24  17  25 
 18  25  36   0  21   2  37  18  24  12  12  33   2   2   4  25  35  28   0  22  21  30  29  22   1   1  23  10   8   2   0  28  31   6  37  27  26   9  15  10  11  12   5   5   4   5  36  24   7  34 
  7  11  21  29   7   1   2   7  23  34  21  27  31  19   9  27   1   2  15  24  34  14   8  11   2   8  11  12  25  27  15  22  15  21  36  25  16   2  19   8  37  17  10  38   8  27   4  32  20   0 
 24  35  33  32   2  37  36   6   6  35  17   9  39  24   3  36   5  36   2  13  38  26   7   0   9  28  14  18  14  25  36   0  16  35  17   2  21  24   0  18  22  25  26  19  33  11  14  28   4  38 
 13  22  14  34   5  23  13  11  30  32  12   5  18  33   7  32  36  28  24  10  25  39  35  38  35   7  28   2  27  25  17  17   8   8   1  34  30   3  31  31  14  27  17  21  30  17  23  10  10   3 
  1  36   2  37   5  38  32  18  23  16   2  23  21  25  20  36   5  13   7  10   3   0   2  39   9  19  23   1  34  26  31  33  32  15   5  23  29  22  12   1  13  11  38   1  29  32   2  35   5  12 
 23   2  39   3  18  17  28  27  16  29  33  13  25   1  26  33  12  29   9  33  10  30  38  21   4  20  21  30  24  17  29  13  18  27  24  21   5  28  31  12  21  16  33   8   4  21  12  36  30  23 
  6   2  17  17  11  10   9  30  30  20  37   8  31  34  13  12  15  33  37  12   0   8  21  31  23  27  16  18  22   8   4  33  23  14  29  11   8  16  25   9  25  26  18  29  20   7  30   5  18  12 
 27  28  12   4  21  12  19  36  11  23  15   0  23  28  14  27  25  12  37  15  29  13  11  34  15  31  23   3  19   9  10  27  31  27  35  36   8  16  25   5  39  32   4   7  35  39  35  26  30  22 
 28  24  38  29   7  14  29   4  31  17  17  21  26  25  30  11  24  17  21  27   3  37   5  20  18  23   3  26   4   6  36   6  37  25  10  32  28  14   0   5  12  13  32  10  39  21  25  37  21  17 
 39  30   0  34  20  11  23  29  35  10   6  37  28   0  26   8  11  34  27  38  25  33  14  12  13  15  14   1  37  19   1   0  13   8  15   1  32  38  21   7  26  39  14  24  33   5  31  17  28  23 
 13  25   1   1   6  19   2  23  21  39   3  25  37   3  18   0  28  36  38  17  27  36  20  29  39  25  20  39  24  30  26  38   0   8   7   4  28  35  20  24  32  13  14   6  15   2   8   6   7  32 
 10  36  27  32  20  13  24   6   6   0  13  10   6  30  14   6  22   4  24  12  19  22  28  29   5  17   3  22  17   7  15  29   8   5  37  20  23  30  16   1   7  28  35  16   3  38  14  10  15  37 
 15   4  19  16  33  31  38  22  21  17   2  13  33   0  36  25   0  18   8  16  36  24  22  38  12  39   1  36  11  28   1   3   4  37  35  37  17  37  20  37  37   6  27   3   2   3  30  36  30  35 
 32  22  27  38  28  11  36   2  34  27  35  22  15   0   1  33  29  33  30  14  12  26  17  39  27  26   3  38  37  16   5   7   5  10  28  35  10  16  19  30  14   9  12   9   5  31  27   8  22  11 
 19  16  23  36  23   5  31  18  32  28  10  22  15  26   5   0  21  26  18  37  36  31  10  11  35  18  20  26   6  38  33  18  24   2   4   0  14  33  12  20  20  25  14  33  26  27  31  21  18  30 
 29  38  32  30   1  19  31  26  19  21  32  12  21  16   2   9  39  39   2  23  26   5  12   4  36  12  28  31  17  17  28  37  26  26   5  28  10  39   5  32  22  17  24  35  35  35   0  18   5  10 
 35  23  17   0  19   4  10  31  29   1   6   3  31  14  37   3  28  30   8  27   8  34  19  29  35  36  21  21  11   8  28  24  34   1  29   1  19  38  30  21  13  10   6   2  22  33   4  25  13  14 
 13  17  11  35   9  28  38  20  12  12   0  33  38  19  33  32  20  26  32  28  23  21   1  11  32   5  39   9  21  31   8  38  21  32  36  15  38  36   1   1  23   8  21   3  28   1  35   3  27  29 
 11  25   5  30   0  38  13  34   8  36  39   7  12  23  18  13  21  15  23  29  13  22  13   6  27  30  10  34  36  34   5  33  33  19  34   8  20  17   8  25   3   9   7  32  17  37  37  24  34   2 
 28   7  16   3  20  28  24  18  15  32  14  30  16  21  38  24  27  33  37  23   0   3  25  11  19  35  33   1  31  29  35   3  20   9  10  19  14  15  38   1  11  21  21  13  29  24   8  11  26   1 
 10  21   5  32  31  30   1  27  31  33  17   0  21  20  38   3  39  36   9  18  39   0  10  33   3  38   8  10  34   9  39  25  22  25  32   3  14  23   6  11  35   0  24  17  33   6  26  19   7   6 
 22  33  29  10  38  30  14   7  24  28  31  37  19  19   5  30  27  39   8   9   6  34  31  12  15  13  21  21   7  19   2  30  15  28  15  34   6  34  32  23  16  20  23  36  22  33  39   4  31  12 
 23   8  13   8  25   1  18  21  17  12  13  13   9  24  33  11  37   7  27   7  21  23  22  34   1  19  38   4  13  17  13  24  39   5  33  33  29  13  23  32  15   0  24   6   2   0   6  32  26   8 
 12   7  18   3  18   1  26  17   1  37  18  13  37  19   3   4  32   5   7  37  26   3  36   5  28  15  31  19  10  21  37  25  26  27  14  22  23  37  39   7   9  28   8  38  19  20  27  25  19  39 
  1  26   4  10  18   0  28  33  14   1  32  10  19   3  27  30   3  20  19  12  17  33   8  38  16  23  33  37  39  32  14   9   2  25   0  15   5  20   4  23  18  12  24   5  24  35  14   9   5  17 
 15  23  28  29   4  31   4  39   4  34  29   7  18  21  31  37  22   6  25  22   1  29  14  26  15  12  25  12  25   6  33   1   5  13  24   7   6   3  18  12  13  39  14  26  31  17  29  37  13  37 
 17  11  29  27   4  38  10  29  30  31   3  33  25  36  37  11   6  16  36   8  13   4  34  26  38  27  35  38  36  22  25   2   5  30   0  23   1  16   1  31   7  26   2  29   0  24  31  31  22  32 
 14  20  34  23  18  28   6  13  33  36  35   9  17  32  35  37  30  23   7   1  16  19  35   4  25  16   5  33   1  12  24  14  21  13  23   2   2   1  20  11  19  39   6  30  20  38  37  35  17  16 
 28  37  16  34   9  34  12  21  30  39  25  24  10  22  21  25  12   8   9  36   3  36  21  18  32  17   3   8  33  37  34   3  30   9  14  26  18   7   8  18  37   2  22  31  28   9  27   6  14  15 
 33  15  24  39   4  36  24   5  11  26  13  10  38  25   4  22   2  31  23  12  12  36  15  13   3  23  30  25  13  14  21  34  15  37   8   1   9  22  10  18   9  17  28  32   3  21  32  12   5  33 
