70
 28  20   2  32  29  27  12  15  31  37  21  18  39  22  32  31  23  34  18   5  32  35  37   8  34  25  14  30  24  32   2  26  33  15  25  21  27  32  19   2   5  24  30  23  29  34  21  33  20  16  19   8  14  34  14  24  24  29  24  11  17  30  10  22  35  37  17  21   9   7 
 21  19   3  11   8  24  38  32   7   3  14  21  10  18  12  34  18  18  21  37   6  21   6   9   2  30  24  33  11  27   7  16  12  11  25  30  27   6  28  32  32   9  20  25  13  18  19  32  13  29  30  34  38  39   8  24  14   2  36  32  27  30  12  17  34  23  14   2  30   5 
 17   5   8  24  23   8  24  39  25  27  37  31  20  25  27   1  23  32  20  32   8  34  26   5  28  38   4  38   1  39  23  31  23   0   8  30  29  33   8  13  11  32  24  28   2   0   4  31  38  11   4  13  32  13  17  19  15   2  20  20  15   2   9  32  18   3   2  13  19  17 
 15  38  28  29  12  30  26   6  25  35  20  16  32  33  16  26  31   8  37  23  12   6  23  12  31  29  13  26  17  31  37  15  14  32  33   3  33  39  10  10   5   8  14  36  28  36  36  16   7  20  18  10  33   9  15  38  18  20   1  17  16  28  21  27  18  10  16  33  17   3 
 39  26  35  15  24  33  26   0  16  21  12   2  17  37  11   1   1   5   1  11   6  26  21  38  39  25   5  38  27  11   8  20  25  28  31  32   8  26   4  17   2  10  22  12  28  37  10   8  17  26  20  22   1  11  31   0  22  21  25   1   0  38  29  35  21   6  32  27   1  30 
  7  22   8  18  11  12  12  29  37  22   9   9  34  21   9  11  24  15   5  11   3  31  22   0  10  27  26  21  18  37  17  16  32  19  30   8  18  22  20  30  13  33  31   4   4  27  13  24  11   4  21  29  34   7  37  10  19  17  26  33  17   4  15  15  24  22   4  21   1  19 
 27   4  34   4   4  11  29  39   2  30  22   9  35  31  18  16   1   5  23  28   5  38   8   6  22  36  18  22  28  17   7  33  18  34  30  39   7  21  22  13  39   1  38  12  37  14  36  21  25  11  32  26  14  15  20  13  37   4  30  24   3  22   9   8  10   4  21  24  23  21 
 39  31   4  21  17  13  18   5  20  29  18  36   0  21  18   7  33  30  29   2  33   4   4  30  10   3  28  39  30   8  12  33   8  21  17  17  23  12  11  27  17  18   1  16  17  22  34  13   7  10   0  13  25  15  24   7  25  19  39  21   6  37  19  25  33  36  31  17  39  33 
 19   6  26  24  24  28  16  15  13   8  30  39  14  33  30   5  15  33   2   6  30  32  31   0  14  11   6   8  12  23  29  35  37   1  32  34  11  13  38  36  36   9  13   5   6  39  22  26   5  38  17  19  36  30   9   9  31  12  35   0  19  36   9  21  37  22  12  10  13  15 
 19  22   1  23  39  11  13  31   0  35  25  31  24  13  12  34  39  39   1  20  10  21   0   4   5  35   6  20  39  18  30   8   5  36   0  31   2  26  35   1  10  24  21   2   6   6   2  33  39  15  33  20   0  30  32  12  15   6  26  38   9  30   7  25  28   6   2   1  29  38 
  4  16  10   3  18   4  10  23   1  23   8  20  37   6   9   0  21  14  28  22  22   1  23   7  30  16   0   3  30   7  30   6  32  11  38  36   2  29   9  27  34  38  19   2  22  16  22  19  34  20  31  33  13  19  24  13  18  16   5  20  34  34  26  26  27   7  13  16   0  39 
  1  21  34   6   9  17  31  38   3  16  12  37  37  38  19  21  30   9  23  18  14  30  22  29  15   1   7  21   6   3  36  21  13  36  14   1  27  35  15  16   1  27  34   9   6  22  24  23   2   5  14  22  10  31  14  17   6  24  12  33  39  14  34  34   8   3  10  29  31   8 
  0  10   3   6   7  11  24  18   1  20  31  26   1  38   5  34  23  13   7  28   0   6  26   1  14  28  24  21   9  14  12  19  15   6  36   1   0  24  29   8  25  34  36   5   5  27   5  30   7  39  25   3   0  25  29  23  16  32  35  12  15  38  11   6  25  22   8  14  13  36 
 18  35  29  16   0  16  25   9  19   5  10  23  28  23  21  17  36   3  18   9   6  35   4  26   0  29  31  14  30  30  14  25  15  20  25  37   8  19  11  24  37  31  15   8   2  26  19  35  16  33  15  12  30  23  29  38   0  10  15  17  19   9  28   0  36  18   5   9  35  20 
 34  21  35  31  22  13  24   2  28  24  17  35  14  22  39  16  39  26  23  16  15   5  25  23  18  36   3   4  38  34  22  32  11  32  24  17  38   6   9  37  24  14  18   9  21  22  16  23   6   8   4   5  21   4   6  28  37  28   3  20  13  27   5  13  13  33  21   8  33  27 
 20  30   9  31   7  31  15  33  33  19  11  28  14  24   4  33   2   5  25  13   7  22   6  39   8  29  28  19   1  13   1  36  28  39  20  28  28  38   8   9  18  13  26  28  24   6   7  22  12  19  22  25  19  14   1  20  13  22  23  31  18  23   1  20  37   3  28  25   2  21 
  4  14  14  28   9  15  26  31   8  34   0  34  17  30  39  12   3  28   4  19   3  36   3  15  39   3   0  33  16  10  29   7   4  36  30  30  34   7  39   3  30   0   8  14  36  21  35  16  30   1  35  27   7  23  12  20   2  12  17  10  18  31  12  32   7  39  24  19  32  33 
 10  24  18  30  34   4  31  26   7  16  13  17  10  18  23  33   8  18  29  12  36  19  10  11   4   9  16   0   4  36  35  37  31  24  37  36  20  19  10  38  21  31  15  22   0   1  31  33  14  17  33   6  10  21  38  36  10  36   1  21   2  12  19   3  32   5  21  29  25  27 
 29  35  25  23  18  27   3  11  30  33  15  21  29  30  17  38  30  29   4   9  10   9  34  18  10  31  37  34  24   2  19  25  13  26  11  18  34  33   4  13  15  27  24  21  35   0  36   1  28  15  13  39  31  35   3  29  22  13  24  12  29   3  14  39  38  15  18  22  39  32 
  1   5  23   0  29  39  35  35  16   0   0  29  27   9  29  26  16  34  37   7  29  29  20  16  26  26  38  38  10  32   0  14  27  17   2   4  35  21   2   3  12   2  17  11   9  10  17  12   1  19  31  10   8  29  15  34  12  34   3  29  28  35  27  39  24  35   5   4  25   3 
 34   8  31  12  22  32   0  16  30   7  14   5   5  29  39   1   9   4  35  25  22   4   8  16  24  33  37  38   5  33  13  30  33  19   1   9  13  39  23   0  33  11   3  31  10   5  28   9   1   5  14  12   3  10   3  30   7  24  34  16   1  27  24  17  19  22   8  19   5   6 
 33  35  30  14   0  12  13  29  30  39  35  23  24  30  21  38   7   9  20  23  37   5  39  24  15   6   7  34  25  29  17  11   7   3  15  20  11  15  39  11  38  15   1  20  14  26  32  30   6   4   0   9  30   7  28   6  25   9  23  37   5  31   1   1  18  36  32   7  16   0 
 15  39  16  20  17  27  30  17  26  25  39  14  32  37  18  17  27  30   2   2  36  32  23  28  12  31  29   8  32  26  19  19   8  18  17   5   2  23  22  16   7  20  27  35  23   3  34   8  36   3  37  23  24  15  23  10  29  36   6  25  24  31   8  28  27  24  35  32  13  23 
  3   3  34  34  16   0  21  12  33  16  21  32   2  21  15  12  13  13   5  35   0  12   6  19  15   5  18   5  27  21   9  14  34  26   3  18  24  26  29  25  18  32  16  37  37  21   3  18   1   4  33  39  21  11  25  21  38  18   8   5  28  16   6   2  19  21  38  15  27  34 
 13  16  37  12  36  10   2   0  32  13  15  19  10  19  17  35  11  39  29  13  13   7  12   1  14  13   9   9   3   8  13  20  11   8  35  28   3  23  17  31  10  15  27  38  20  12  17  21  29   6   3   5  34  26   4  25  26  19  34   5  20  23  10   1  35  37  25  14  20  25 
 13  16  30  11  32  18  12  15  17  10   5  24  33  37   7  33   4  22  13  10  26  32  15  10  17   7  24   0  23  12   0  15  39  15  38  36  10   7   8  24  18   9  37  23  15  17  23   2  19   3   0  18   2  13  28   9  23  14  20   2   7   7   3  26  32   3  25   5  14  38 
 19  31   6  11   5  20   9  15  27  39  30  37  24  10  29  17  16  25  18  14  22   9   4  24  13  26  14  23   2  12  22  22  32  11  26  19  25   4  17  30  22  26  27  19  22  19  20  36  27   3  18  13  36   3  38  32   5  36  17  31  18  32  20  39  23  11  18   4  13  27 
 24   7  38   1   2  14  35  17   6  12   1  16   9  17   5   0  32   8  35  32  30  38  29  17  19  34  25  20  18   8  36  12  19  33   4  33  10  29  14   4  17   6   2   0   5  20  18  39  33  28  10  28  18  27  35  30   7   8  24   6  26  10   8  30  26  33  24  24  37  38 
 24  24   3  15   5  30  10  22   4  39  23   1   4   3  31  35   8   8  25   5  37   6  37  12  12  16  28  31  20  17   0  11  16   0  21   5  14  16  33  27  12  25  33  30  31   4  16  25  18  22  12   5   1  33  29  33  19  27  38  20  28  15  11  14  12   9  26  14   3  13 
 24  15   5  16  34  39  18  27  31  18  20   9   2  12   8   4  16  24  25  39   5  35  37  23   1   6   4  36  17  38  39  35  17  10  29   4   5   7  12  21  17  15  31  14   7  19  37  22   2  23  38  33   2   2   5  25  35  12  27  22  31  33  22  29   9  18   0  36  37  30 
  9  11  11  20   0  12   8  39  36  13  15   6  27  26  10  19  26  15  32  38   2  36  10  26   9  28  16  10   2  16  25  28   9  14  18  13   2   0  32  39   0  22  15  29  26  22  18  35  15  31   4  25  27  35  13  29  31   4   2  27   6  22  22  12  11  17  30  33  10  27 
 36   9  21   9  19   3   2  32  33  11   6  34  13  29  21  37  13  38  20   1  33  22  27  21  18  15   7  30  28  12  22  16  34  11  19  25   9  16  24  28  12  20  21   2  29  11  31  21   3  37  34  26   3   5  20  21  38   5   8  25  22   2   4  17   3   3  29   4  15  22 
 11  32  23  26  34  23  21  21  38  35  20  34  20  30  39  30  20  13  16  10  23  11  35  20  12  32  28  14  28   2  20  28  19   3   1  22  22  19  19  29  10  20  25   5  34  13  15  15  24   5  14  37  17  25  39  18   2  15  18   7  31  16  14  39  24  13  32  33  32  13 
 12   4  13  34  29  28   4  18   9  34   4  14  23  11   9   2  23  17  39  24  15   0  24  26  33  11  22  39   8  28   4   6   6  25  36  31  18   3  31  23  32  21  34  13  11  39  19  39  19  22   2  33  23  29  10  17  12  32  29   4  28   0   9  27  10  16   6  35  22  24 
 24  37  14  28  29  35  17  14  32   7   2  39   0  38  35   6  38   4  31  15  14  28   9  34   4  32  37  33  25  33   5  19  14  16  37  39  20  14  23  15  39  16  32   6  22  35  28  36  16  25  14  10  25   8   4  10  22  19   6  39  14  10  34  14   3  26  13  18  39  12 
  5   5   3  11  36  17  15   9  32  22  19  38  39  11  22   9  33  17   6   6  21  38  14  36  11   5  21  29  26  30  31  27  20  39  16  27  25  31  19  15   3  34  35  36  14  22  25  21   3   4  37   7  12  35  23   2  37  25   9  13   4   8  36  11  35  34  11   0  26  31 
 17   0  28  14   7   5  34   5   3  21  21  10   2  12  23  10  27  34   2  17  27   5  17  36  36   4   7  24  19  18  35  18  27  21  10  23  23  21   1   5  13  13  15  32  22   6  14   6  33  30  39   2  34   4  35  13  10   7   4   1   1  11   7  30  16  23  23  27  25  26 
  7   7  25  19  33  28  26  14   7  34  18   9  29  29  12  38   3  39  24  39   6   3  39   3  16  31  18  19  19   3   1  12  29  35  38  13  16  30  13  26   0  10  25  24  38   6  24  16  21  35  32  16  36   2  15   7   7  16  36   7  20  24   8  17  13  18  20  12   6   7 
 31   7  26   7  34   2  31  30  20  28  39  37  25   0  23   5  18   9  18   7  12  37  18  26  26  11   3  37   6   8   9  30  34   7  34  19   6   0  21  12  30  27  37  38  39  35  38  16   3  29  27   9  30  36  17  15  28   1  36   3  33   5  29  14  32   3  11  27  16  28 
 34  12  10  31   9   4  30  21  32  15  33   5   0  23  22  19   7  16  33  37  14  16   8   9  29  34   1  39  28  22  10   9   7  11  37   4  34   0   4  12  14   7  22  37  28  18  25   3  11   2  34  28  38  14  22  15  15   9   3   2  33   5  19  29  21  33  21  31   8   2 
 39  28  21  33   1   0  15  19  14  29  33   0  10  33  33  36   8  13  23   5  22   0  13  22  11  10  15  24  25  38  13  28   5  36   1  22  30   6   6  38  17   6  17   8  39  35  14  13   2  18   1  21  28   6  28  21  32  34   6  38  15  37  17  38   0   6  36   4  17  35 
 33  32  25   0  27  26   0  34   0  11  21  29   4  18  24  38  24  32   6   2   3   9  25  37   2  22  19  23  20   7  33   6  11   9  39   7  31  13   7   7  10   4  20   0  15  26  19  28  25   1  23  22  23   4  16  23  13  10  33  35  18  23  35  12  14   8  22   4  33   1 
 34  18  16   8  21  32   7  24  34  16  18   1  34  21  24  38  26  32   5   3   1  37  32   2   4  26  12  22   6  10  30  14  14  38  26  31   3   7   3  36  21  36   2   5   5   3  38  21  15  26  33  10   5  29   5  20  31  17  37  18  29  36   0  25  23  38  17  35  33  26 
 25  29   9  15  12  20  29  15  38  35   8  35   8   5   5  38  26   1  38  15  23   2  25  20   4   6  29  26  35  27  24  29  27  14  18   8   2  20   8  28  11  20  28   4  36  10  11  23  26  26  24  19   3  10  30  29   6  32   5   0  26  10   0  13  18  36  36  18  31   9 
 27   3  28  18  37  32   2  37  30  30  38  23  11  30  33  13  26  33  12  31  23  26  14  29   9   6  12   6  23  35   3  37   4  16  30  16  18  15  19  25  28   8   4  16  25  27  12  25   5   3  14  37  10  37   1   3  24  35   1   7   5  12   1  29   6   4  27  22   4  12 
 28  30  38  18  19  18  11  21  21  12  12  34  39  16  17  22  24  12   5  21   6  23  20  16   3  36  21   4  31  20  32  26  16  34  15   1  29  11  27  30   0  39  34   7  32  20  25  11  23  31  39  35  30   6  36  28   3  36   8  12  10   8  27  15  27  37   3  28  17  31 
  6   2   5   9   5  26  38  31  39   0  32  10   3   7  13  21  31  10  34  14  14   0  18  16  30  25   6  16  16  25  29  14  22   4  14  27   0   8  33  30   8   4  23  36  19  28  11  26   8  38  12  33  11  30   1  30   7  29  17  26   5   9   1  20  37  14  31   4  36  36 
  3  17  17  36  23   5  16  27  24  10  25   8  13  17  16  28  18  19  36  35   2   2  27  23  19  32  15  19  18   2  34  27   5  34  12  13  28  32  15   0  20  26   9   3  21  19  16  28   9   2   0  21  22  33  20   0  14  24  22  30  18   2  14  32  25   2  35  17   3  32 
 24  31  37   5   5  29  17  24  14  32  28   8  29  21  35   4  36   8  22   0  35  32   6  25  30  15   1  34  20  16  28   3  18  34  17   2   0  30   6  27   8  20  11  23  10  37   9  32  12  30   7  20  37  34  25  22  12   2   0  11  13  38  21  35  39  17  39  15  37  12 
 12  30  27  31  38  17  36  33  24  12  25  14  25   9   8   0   4  18  31  20   9  14  37  12   4   3  37  10  28  26  38  17   5  15  21  23  24  21  33  35  27  39  32  17  21  14   8  18  34  36  15  34  35  20   3   5  37   9   7  30  21  13   5  31  35   6  25  11  39  36 
 31  23  23   4  10  23   3  14  31  33  19  22  10  31  37  18   8  27  16   7  36  31  11   9   5  29  12  27   2  13  15  16  32  36  34  33   7  27  36  35   0  16  23   2  31   7  29   2   3  25  35  26  20  21  24   3   7  10   5  30  20  32  18  12  28  35  10  32  34  32 
  3  31  33  29  33  38  20  25   2  30   8  12  15  32   6  24  38  35  33  21   4  12  28  37   5  26   6  13  38  25  29  39  18  25  16  35  30  20  38  15  25   6  25  13   2   1  18   1  19  31  27  20   0  17   7   9   5  24   5   6  19   0  26   6  23  15  30   0  10  23 
 10   3  15  31   1  35   5  13  33   8   7   5  18  26   1  16  36  22   6   7  27  23  34  14  17  28  25  22   1   6  22  35  27  39  32  20  14   5  12  12  28  35  20   9   0  20  27  15  35   8   1  34   7   0   4  37  21  24  35   5  31  12  27  33  28  11  13  34  37   8 
 37  21   6  10  28  13  29  19  38  22  28  20  23   4  38  16   3  37  32  21  33  16  26   4  26  39  28  14   1  29   0  21   1  37   0  29  12  38   1   0  10  32   2  38  16  11   4  28   1  14   5   9  36   0  14  39  23  11  18   2  22  29  34  39  33  37  31  14  29  14 
 14  25  26   5  27   2   7  11   3  18   3  24  12   4  37   7  20  26  13   6   3  38  30  16   5  28  22   9  13  22  21  20  33  38  32  14   8   1  11  33  32   2  22   0  29   7   3   2   4  36  18   5  11  29  14   1   8  26   6  13   3  16  28  31  18   2  31  36  29  22 
 37  38  15  38  39  16  21  12   4   8  38   9   5  22   0  39   6  31  10   9  37  33  22   5  24  28  13  34  22  11   7  32  26  37  20   7   6  39  24  16  23  13   6  22  12   9   8  26  29  34  11  10  24   2  25  27  35  12   9   5  27   9  16  33  38   8  35   3  10   9 
 15   7  28   7  28   3  13   5  21  16   0   3  30   6   4   8   7   0  10  18  20  39  17  25   1   8  14   0  12  18  11  15  29  35  23   4   9  23  36  15  38  12  26  30  39   4   5  21  39   9  39  18  13  38  26  35  25  18   0  24  34  11  26  25  15  13  11  23  34   9 
 21  35  13   6  10   3   7  22  16  26  38  15   2   3  28   7   7  17   0  33  14  24  31  33   4  11  10   5   2   2  15  10   2  12  33   9  31  37   6  17  17  34  39   5  16  25  25  23  13  35  38  11  31  12   6  19   1  27  10   2  17  30  16  16  31   4  28   3   0  16 
  6  18  22  31  33  14  27  12  37  23   8  30  17   5  36  15  16  18   0  20  11  38  31  27   6  11  15  12  34  31  28  25   0  34   6   1  19   8   1  27  28  10  30  24  39  20  11  19  32  14  18  19  18  22   6   0  10  29  31  10   0   1  24  36  24   8  30  32  26  11 
  4  13  38  22  14   4  16  14  25  16  38  32   5  35  27  26   4  31  10  13  25  15   3  34  19   0  34  22  21  21  26  12  19  35   1   2  11  13   2   3  32   3  17  34  23  20   1  34  36  30  15  29  18  30  15  18   6  10  13  30  10  26  12  35  28  35  30   7  11  28 
 34  21   4  21  32  25  29  31  32   2  35  10  22   6  39  25  33  32  11  33  12   2  27  34  26  34  37  29   2  19   7  33  30  35  14  35  31  15  32  12  35  15   7  11  37  30  30  37  33  32  18   4  35  37  13   7  28   8  12   0  34  25   7  13  18  39   7   4  17   5 
 37  34   6  21  34  13  32  23  11  10   3  33  33  11   0   7   9  20   9  30   9  29   2  25  14   1  27  29  21  30  17   0  10  28  12  21   3  17  30   7  25   5  22  17   8  15  20   6  16  17  11   7  31  10  14   3  15  31  17  39   6  24  17  16  28  26  14  21  14   0 
  2  33  11   8   1  29  34  30  31  33   7  31  28   1   9   0  11  26   3   0  39  29  14  27  28  11   6   8  38  31   2  29  33  35  13  20   9  33  29  32  37  39  10   3   7  26  11   8  29  36  13   9  39  19  28   0  27   8  34   0  19  33  11   6   3  39   1  36  35  30 
 28  18  39  16  39  27  20   5  39  30  34  24  25  10  17  31  33   3   9  10   2  27  25   3   4  16  17  19   6   3  22  36  14  26  29  31  30  25  29  32   4   2  37  18  35   5  38  15  29   4  33   9  30   5   4  27  35   5   3  23  38   2  25  33  35   3   6  13  17  29 
 15  25  16  10  12  23  30  18  38  11  12  17  26  15  18  20   0  39   6   8  13  10  36   3  29  14   5  31  15  36  30  12  23  27   9  15  19   8   0  30   5  23  19   8  11   7  17  36  32  33  32  17  33  19   1  39  30  34  18  20  35  38  37  16  23  31  12  23   9   4 
  5  22   0   9  34  10  30  27  23  29  16   7  10  19  21  21  23  34  24  14  36  23  33  31  39  29  38  19  16   5  36  23  38  37  19  21   9  31  26  11  18  23   0  22  16  19  12  16   1  31  34  25   0   4  28  17  25  11  15  39  27  13  24   6  32  39  16  28  34   6 
  4   7   0   7   1  33  34   5   3  21   7  37   0  30  11  15  25   0   9   8  39  21  35   3  14   4  17   9  13  10  11  18   1  10  20  31  21  21   8   9   0   5   7  14  32  31  37  32   5  12  23  39  23   2   7  16  37   0  34  29  22  15  11  22   5  32  29  19  22  25 
 27   1   7  38  35   0  12  31  21  29  17   9   6   7  30  26  19  33   7  20   9  13  26  19  29  29   0   2  23   9  36   2  12   6  11  16  32  12   5  22  23  13  10  13  26  14  12  30  32   9   2  24  24  36  18  33   2  11  36  19  30  21  39   4  32  22  16  34  36  32 
 10  20  29  17   6  15   3  22   6  37  33  11  31  33  15  35  25  30  38  35  10  11   7   5  20   1   2  29  11  14  16  19  23  39  19  22   9   5   0  26   4  15  14   1  13  31  36   2   0   1  18  31   1  30  13  34   4  38  14  11  11   7  37  27   6  20  38  32  34  10 
  1   7  12  19  36  27  24  34  16  23  14  14   6   1  14  29   2   4   8   6  22   6   8  10  20  15  26   6  11  18  29  22  35  39  16  20  13  28   6  31  37  10   5   6   4   0  28  11  34   9  19  36  38   7   2   0  13   8   4  17  38  38   3   9  12  25  31  20   6   2 
