20
 39  29   8  20  30  37  27   4   2  17  33  10  24   2   1  20   8  12   4   8 
 18  25  23  14  26  11  18  28  13  39   8   2   6  25  10   9   0  16  23   3 
  0  34  11  19  19  22   9  10  12   1  34  10   7  15  15  24   8  37  34  18 
 32  13   7  25   0  15   2  32  18  39  33  34  20  35  28  20  30   8  16   2 
 31  28   5  24   5  36  30   5  28   6  17   4  32  32  38  23  17  29  18  25 
 28   8  35  11   6  31   2  11  31   0   6  29   8  34  31  12  26   5  24  14 
 10  27  25  35  39   1   0  38  31  23  10  29  14   1  38  23   8  29  25  39 
 19   9  31  31  34  31  14  33  22  12   3  15  33   0  23   2   7   1  12   5 
 22  23  27  38   9  33  31   6  11  18  10   9  31  34  18  22   1  35   1  17 
 23  20   7  29  12   3   4  20   5  35   0  33   0  35   4  16   9  39  18  31 
  7  10  13  15  25  35  13  33   3  31  22  28  27  12   5   0   5  17  38   7 
 17  32   3   1  38  39   8   1  38  37   6   7  14   6  15   2  38  34  13  36 
  5  10  23  10  36  36   1  16  34   0  18  20  27   5  18  10   0  16  30  32 
  4   4  35  28  23  35   2  34  12   7   8  19  31   6  25   2   2   0  35  33 
 28  27   6   6  16  35  33  16  16   5   0  21   9  14  36  13  26  19  38   9 
  9  24  14   0  39  18  29   2   2  30  34  19  20  36   5  39  12  36   6   4 
 24  24  25  35   2  37   1  17  37  29   6  38   6   0   4  39  19  21  20  16 
  0  35   1  27  24  30  16   9   6  21   3  32  36  38  18  13  25   2  14  25 
  9  39  18  18  32  28  28  31  12  35  35  30   0   1  25  18  29  26  30   2 
 26  32  33   4  15  25  15  10  31  27   6  26   2   7  32  37  28  20  34  21 
